71672
96055
64210
90168
52214
49079
56956
52222
56854
63694
828
32195
72686
92150
33380
71646
92164
64617
34750
42515
32155
60290
41923
71664
66291
59441
64473
64413
41176
54912
85
774
23142
92202
64754
73476
43258
59241
63760
95387
20162
69022
60789
59365
69498
52967
61325
66842
63820
55424
89497
96418
72395
66580
92499
52424
30120
61673
58655
39984
49805
52660
66841
32119
96036
96170
42251
85157
59995
68494
60202
61171
40359
97771
64061
39847
88167
91902
96237
70646
62934
53008
61465
35306
66946
64712
66298
92371
53567
1206
42319
31028
64738
69419
92316
2339
18756
31066
1464
30950
52287
52279
72710
91886
54343
59363
66085
65949
256
66959
46350
54635
66862
87058
63225
64147
92491
96397
96398
96399
96400
62968
32239
38082
92137
95766
72302
39024
96312
34852
92321
39375
35570
49343
40735
43110
70220
72782
32189
38251
56541
96311
96296
61187
40128
71753
1290
35828
54478
32168
1380
58583
776
34308
54344
39343
46222
72792
56099
34474
62261
69599
92544
33663
57288
54314
61397
59444
40336
62461
97078
97080
61656
61427
56386
72502
16392
38996
34683
161
69336
95938
31229
58807
54281
61634
92475
60747
47140
64228
61205
62224
60103
36237
53038
14829
72780
72781
30113
61165
40195
68874
684
57392
72791
47008
92518
34992
34070
56791
53179
63688
50061
37266
40479
92643
33409
36929
53668
1112
56337
65830
64465
30886
691
65524
38255
66520
57586
150
69003
67042
64816
397
49208
46211
52654
89458
92152
63447
36574
31200
60071
73212
53527
53116
62280
73400
26602
66100
12892
59393
54149
22055
96123
61637
59478
35270
60762
62065
97773
57683
66460
95876
57758
89498
33946
48887
54755
66253
73327
33184
85198
91752
38411
95786
39716
33790
53716
69299
58592
36363
66390
38601
2163
52431
53783
54345
72642
49078
65899
97760
65743
53891
39557
30137
55326
66961
61136
33928
63448
46979
49198
65867
73307
71614
86575
56959
48766
71137
30719
62053
56551
59366
53750
57211
43051
85195
53667
49542
91650
53865
30677
59959
85965
91895
58972
40005
62054
53585
65144
58153
91801
65115
1544
54991
46971
59996
69306
91977
89492
42179
54420
36251
67734
92608
26313
69924
40445
96048
96417
96105
38769
59753
33396
91898
947
2065
61161
53820
62206
72766
58152
63942
53565
57652
89489
54798
86025
69134
95748
95749
62889
69108
62131
53541
63968
66995
54701
66247
85255
60241
46986
66936
62127
64820
64786
34237
70083
87920
39029
61675
48765
33369
30396
92490
66692
65253
54624
52765
35122
53786
40431
64699
40148
39363
34874
63430
42355
73326
63973
85359
66652
30915
39373
38383
92461
58012
92599
59302
38967
71557
55419
53777
95747
91197
89428
53528
33488
66650
70732
95925
72500
53656
66369
95878
95879
61164
63214
27948
60641
59733
66525
54989
65866
61151
53953
62217
92481
92483
89499
52938
55858
43298
34230
63757
43134
33816
61212
35277
92619
57140
46348
54591
85896
48767
66981
54829
60249
33463
95985
62469
66438
89494
89495
89496
88008
89647
39352
54138
39030
63470
59245
65937
59809
95737
71636
71637
71638
71639
40265
52792
979
59085
58627
58656
91968
158
53526
30241
30947
66587
33402
37364
60106
35552
66975
38934
58761
39759
54527
54405
40893
66955
35108
67020
52423
92387
92388
92390
92391
50486
54159
57336
55046
88945
35922
95734
57492
67103
35982
88608
53580
66689
95872
95873
62338
53522
42549
62674
56456
58720
34757
42422
35847
85817
54348
54350
66953
64776
33054
73318
85381
39185
34616
66999
67350
92199
56740
34922
53003
47026
54745
34478
54783
54154
54155
38861
53100
1156
67090
40362
73384
66846
95922
995
40325
57087
38969
42133
95924
42318
92153
46413
66385
72356
40162
1712
33809
85708
69129
39372
34853
64775
52659
92302
92303
92304
85279
60724
2108
43020
35236
42336
66526
39004
69418
86196
38083
96044
53087
40242
35262
92413
53832
66200
64411
54415
46436
54570
67331
47065
33485
14235
58350
37864
39620
66982
38610
41465
460
64813
36188
66983
58272
70862
95750
66917
66996
67037
40491
67640
67768
73173
39619
42965
30801
54362
92020
92021
67169
66212
56098
33957
67153
41916
38342
64345
354
34205
66615
1471
35739
67009
92624
54990
96461
43026
38604
35266
54153
67340
52763
350
980
72786
72787
72788
42189
183
37233
92310
92311
31098
91890
49810
36216
55427
58432
53584
42183
39644
67031
33256
38832
69512
85278
66466
66974
46183
43003
40267
38611
68366
52635
96041
58125
33123
30922
55416
30341
33726
30926
66444
39989
65330
96046
67101
434
96043
34447
1851
73342
34676
73174
65736
85270
53396
88843
62223
289
85268
59418
96016
66939
66954
39001
58616
58273
62760
66216
62256
65747
64583
65941
38606
67333
42966
33244
1056
61127
70730
67003
64420
72286
41233
59744
42555
54087
35818
38546
52552
72499
63960
91899
65739
66590
195
35127
53576
39023
85628
63452
67013
89502
64653
38600
36211
32192
95735
67110
67111
38337
67061
67638
63762
67151
73341
59394
58534
92159
92401
38293
34873
47031
60065
66207
34748
53554
67041
42227
65148
1240
67339
39014
37819
2156
62343
63778
62082
95383
50483
65808
65940
96034
39013
64520
66656
60193
30919
30857
57536
92289
65483
88341
54524
61186
66481
55016
90926
92660
92661
92662
92663
33431
695
91897
67236
67063
43795
96053
89500
67040
66647
65950
56402
96157
34801
67641
92618
66874
64763
65791
72770
91749
85200
67109
59752
68708
70085
30371
63475
67325
30244
43782
42654
85267
54158
89487
369
65794
41488
69234
96052
88000
1049
96108
73204
40
95996
187
85280
39556
54066
63450
33452
73319
35918
54528
67132
85608
61252
37280
70728
65402
30068
54013
70086
67108
178
96299
39151
62069
47025
41121
54349
41941
58504
67059
43054
52918
67389
58385
67803
31777
52904
61321
64646
39326
207
70724
37103
39562
54416
95736
96317
36517
72679
43002
38935
88194
53553
65742
66806
41917
58413
67039
91901
91917
58379
61320
61056
36064
52663
58134
67091
73145
55426
39720
47101
85304
41918
41905
67062
92607
59384
53068
40393
67166
67064
85211
